-1.179131698608398438e+01
-1.158119583129882812e+01
-1.141519927978515625e+01
-1.132043457031250000e+01
-1.121565437316894531e+01
-1.118641757965087891e+01
-1.108377170562744141e+01
-1.115216064453125000e+01
-1.122228336334228516e+01
-1.116440677642822266e+01
-1.112037563323974609e+01
-1.106574344635009766e+01
-1.112562942504882812e+01
-1.123000240325927734e+01
-1.124585151672363281e+01
-1.113161182403564453e+01
-1.107158565521240234e+01
-1.095320320129394531e+01
-1.096780109405517578e+01
-1.082641410827636719e+01
-1.074200057983398438e+01
-1.067476558685302734e+01
-1.054555320739746094e+01
-1.042825794219970703e+01
-1.026894569396972656e+01
-1.019671821594238281e+01
-1.010417270660400391e+01
-9.551912307739257812e+00
-8.333510398864746094e+00
-9.109025955200195312e+00
-8.498840332031250000e+00
-7.163021564483642578e+00
-7.140303134918212891e+00
-7.078910350799560547e+00
-7.190644741058349609e+00
-7.016379356384277344e+00
-6.880700588226318359e+00
-6.835596084594726562e+00
-4.410247802734375000e+00
-4.379325866699218750e+00
-3.849838733673095703e+00
-3.869966268539428711e+00
-3.920486450195312500e+00
-3.936379671096801758e+00
-9.430450439453125000e+00
-9.433722496032714844e+00
-9.434592247009277344e+00
-9.434333801269531250e+00
-9.435301780700683594e+00
-9.436077117919921875e+00
