-1.104576873779296875e+01
-1.098956871032714844e+01
-1.087786674499511719e+01
-1.074021434783935547e+01
-1.057352256774902344e+01
-1.070322132110595703e+01
-1.077908992767333984e+01
-1.076681518554687500e+01
-1.067698955535888672e+01
-1.056028270721435547e+01
-1.049785900115966797e+01
-1.034794425964355469e+01
-1.030875110626220703e+01
-1.032483768463134766e+01
-1.024542903900146484e+01
-9.677207946777343750e+00
-9.959330558776855469e+00
-1.015214633941650391e+01
-1.054280948638916016e+01
-1.061308288574218750e+01
-1.043774604797363281e+01
-9.109358787536621094e+00
-9.106875419616699219e+00
-9.070320129394531250e+00
-9.073941230773925781e+00
-9.102507591247558594e+00
-6.034926891326904297e+00
-6.069184780120849609e+00
-6.143889904022216797e+00
-6.228725433349609375e+00
-6.383123397827148438e+00
-6.528377056121826172e+00
-6.652295112609863281e+00
-6.678859710693359375e+00
-6.656225204467773438e+00
-6.669263839721679688e+00
-6.721104145050048828e+00
-1.062469100952148438e+01
-1.058501815795898438e+01
-1.049397087097167969e+01
-1.053329277038574219e+01
-1.054306316375732422e+01
-1.051295757293701172e+01
-1.041922378540039062e+01
-1.041731739044189453e+01
-1.033812236785888672e+01
-1.019871330261230469e+01
-1.015227127075195312e+01
-1.065644931793212891e+01
-9.762655258178710938e+00
-1.077830123901367188e+01
-1.062329864501953125e+01
-1.058104133605957031e+01
-1.058192920684814453e+01
-1.077573680877685547e+01
-1.095505332946777344e+01
-1.109999465942382812e+01
-1.094352531433105469e+01
-1.061587810516357422e+01
-9.838703155517578125e+00
-9.263041496276855469e+00
-9.159367561340332031e+00
-9.092071533203125000e+00
-9.933689117431640625e+00
-9.064662933349609375e+00
-9.089516639709472656e+00
-7.395291805267333984e+00
-5.939026832580566406e+00
-5.868360519409179688e+00
-5.767191886901855469e+00
-5.733241558074951172e+00
-5.838517665863037109e+00
-5.998964786529541016e+00
-6.178766727447509766e+00
-6.388115406036376953e+00
-6.460219383239746094e+00
-6.407106876373291016e+00
-6.288343906402587891e+00
-1.103773498535156250e+01
-1.096062088012695312e+01
-1.087679290771484375e+01
-1.077237033843994141e+01
-1.077651023864746094e+01
-1.072550678253173828e+01
-1.067329025268554688e+01
-1.073119640350341797e+01
-1.063602924346923828e+01
-1.072526264190673828e+01
-1.083541202545166016e+01
-1.072408199310302734e+01
-1.051842403411865234e+01
-1.049769020080566406e+01
-1.049069976806640625e+01
-1.047954940795898438e+01
-1.046494388580322266e+01
-1.046427154541015625e+01
-1.062008857727050781e+01
-1.077478122711181641e+01
-1.069357204437255859e+01
-1.050889396667480469e+01
